q_door_maf_con
390,1235, -0,1210899, 92,41473
391,3176, 1,966623, 92,41473

q_door_hmaf
404,0493, -20,36149 ,92,08688
423,0193, -19,71812 ,99,79691
426,5878, -13,56871 ,99,79884
430,2795, -7,174496 ,99,79885
417,4661, -29,41355 ,99,79885
411,3157, -30,72093 ,99,79884
401,5107, -25,06594 ,99,79884
395,3979, -21,52719 ,99,79884
395,2553, -16,00608 ,99,79884
400,8618, -6,29518, 99,79884
404,3979, -0,170496, 99,79884
410,9431, 8,718935, 99,79884
420,75,  3,056884, 99,79884
426,8636, -0,4727249, 99,79884

q_door_hmaf2
424,1964, 9,800432, 92,09451
425,4908, 12,04976, 92,09588

q_sec_door
406,5408, -16,82603, 92,07074

v_ilev_cm_door1
406,7175, 0,5006113, 85,07933
393,6516, -12,97757, 86,83115